{
 "cells": [
  {
   "cell_type": "markdown",
   "metadata": {},
   "source": [
    "# 1. Partial Correlations\n",
    "\n",
    "Modify the code of the `partial_cor()` function from Class 09d, so that it takes as input a correlation matrix and the name of one variable, and returns the partial correlation for each pair of variables controlled for the variable you passed to the function.\n",
    "\n",
    "For example, if you use the correlation matrices that we calculated in Class 9d, you could use the function by calling: `partial_cor(cor1, CAI)`, this would return the partial correlation of each pair of variables (minus CAI) controlled by CAI.\n",
    "\n",
    "To do this, please save the `result` dataframe from Class 9d to a file, copy the file to the homework directory, read the file into a datframe, calculate the correlation matrix, and finally test your function."
   ]
  },
  {
   "cell_type": "code",
   "execution_count": 3,
   "metadata": {},
   "outputs": [],
   "source": [
    "#note the multiple lines in python. I enclosed the whole expression \n",
    "#in parenthesis so that python knows that it continues in the next\n",
    "#line.\n",
    "def partial_cor(cor, z):\n",
    "    from math import sqrt\n",
    "    import pandas as pd\n",
    "    import numpy as np\n",
    "    \n",
    "    rdks = []\n",
    "    x_vals = list(cor.keys())\n",
    "    y_vals = list(cor.keys())\n",
    "    \n",
    "    x_vals.remove(z)\n",
    "    y_vals.remove(z)\n",
    "    \n",
    "    for x in x_vals:\n",
    "        for y in y_vals:\n",
    "            rdk = ((cor[x][y] - cor[x][z] * cor[y][z]) /\n",
    "                   sqrt((1 - cor[x][z] ** 2) * (1 - cor[y][z] ** 2)))\n",
    "            rdks.append(rdk)\n",
    "    \n",
    "    rdks_array = np.array(rdks).reshape(len(x_vals), len(y_vals))\n",
    "    df = pd.DataFrame(index=x_vals, columns=y_vals, data=rdks_array)\n",
    "    \n",
    "    return df"
   ]
  },
  {
   "cell_type": "code",
   "execution_count": 1,
   "metadata": {},
   "outputs": [
    {
     "data": {
      "text/html": [
       "<div>\n",
       "<style scoped>\n",
       "    .dataframe tbody tr th:only-of-type {\n",
       "        vertical-align: middle;\n",
       "    }\n",
       "\n",
       "    .dataframe tbody tr th {\n",
       "        vertical-align: top;\n",
       "    }\n",
       "\n",
       "    .dataframe thead th {\n",
       "        text-align: right;\n",
       "    }\n",
       "</style>\n",
       "<table border=\"1\" class=\"dataframe\">\n",
       "  <thead>\n",
       "    <tr style=\"text-align: right;\">\n",
       "      <th></th>\n",
       "      <th>CAI</th>\n",
       "      <th>dS</th>\n",
       "      <th>dN</th>\n",
       "      <th>dN/dS</th>\n",
       "      <th>dS adjusted</th>\n",
       "      <th>dN/dS adjusted</th>\n",
       "      <th>fitness</th>\n",
       "      <th>fdS</th>\n",
       "      <th>fdN</th>\n",
       "      <th>fdNdS</th>\n",
       "      <th>fdSadj</th>\n",
       "      <th>fdNdSadj</th>\n",
       "    </tr>\n",
       "  </thead>\n",
       "  <tbody>\n",
       "    <tr>\n",
       "      <th>CAI</th>\n",
       "      <td>1.000000</td>\n",
       "      <td>-0.572301</td>\n",
       "      <td>-0.387714</td>\n",
       "      <td>-0.321217</td>\n",
       "      <td>0.003920</td>\n",
       "      <td>-0.418473</td>\n",
       "      <td>-0.144052</td>\n",
       "      <td>-0.681322</td>\n",
       "      <td>-0.541741</td>\n",
       "      <td>-0.396838</td>\n",
       "      <td>0.006135</td>\n",
       "      <td>-0.559475</td>\n",
       "    </tr>\n",
       "    <tr>\n",
       "      <th>dS</th>\n",
       "      <td>-0.572301</td>\n",
       "      <td>1.000000</td>\n",
       "      <td>0.474832</td>\n",
       "      <td>0.247113</td>\n",
       "      <td>0.817794</td>\n",
       "      <td>0.347617</td>\n",
       "      <td>0.141512</td>\n",
       "      <td>0.943893</td>\n",
       "      <td>0.565637</td>\n",
       "      <td>0.329857</td>\n",
       "      <td>0.811856</td>\n",
       "      <td>0.467328</td>\n",
       "    </tr>\n",
       "    <tr>\n",
       "      <th>dN</th>\n",
       "      <td>-0.387714</td>\n",
       "      <td>0.474832</td>\n",
       "      <td>1.000000</td>\n",
       "      <td>0.947007</td>\n",
       "      <td>0.306928</td>\n",
       "      <td>0.972501</td>\n",
       "      <td>0.211832</td>\n",
       "      <td>0.417595</td>\n",
       "      <td>0.851489</td>\n",
       "      <td>0.829777</td>\n",
       "      <td>0.294847</td>\n",
       "      <td>0.846957</td>\n",
       "    </tr>\n",
       "    <tr>\n",
       "      <th>dN/dS</th>\n",
       "      <td>-0.321217</td>\n",
       "      <td>0.247113</td>\n",
       "      <td>0.947007</td>\n",
       "      <td>1.000000</td>\n",
       "      <td>0.075907</td>\n",
       "      <td>0.987734</td>\n",
       "      <td>0.209808</td>\n",
       "      <td>0.213819</td>\n",
       "      <td>0.825245</td>\n",
       "      <td>0.870099</td>\n",
       "      <td>0.062343</td>\n",
       "      <td>0.853203</td>\n",
       "    </tr>\n",
       "    <tr>\n",
       "      <th>dS adjusted</th>\n",
       "      <td>0.003920</td>\n",
       "      <td>0.817794</td>\n",
       "      <td>0.306928</td>\n",
       "      <td>0.075907</td>\n",
       "      <td>1.000000</td>\n",
       "      <td>0.130210</td>\n",
       "      <td>0.071469</td>\n",
       "      <td>0.672864</td>\n",
       "      <td>0.309562</td>\n",
       "      <td>0.123737</td>\n",
       "      <td>0.994314</td>\n",
       "      <td>0.177234</td>\n",
       "    </tr>\n",
       "    <tr>\n",
       "      <th>dN/dS adjusted</th>\n",
       "      <td>-0.418473</td>\n",
       "      <td>0.347617</td>\n",
       "      <td>0.972501</td>\n",
       "      <td>0.987734</td>\n",
       "      <td>0.130210</td>\n",
       "      <td>1.000000</td>\n",
       "      <td>0.216023</td>\n",
       "      <td>0.322761</td>\n",
       "      <td>0.847262</td>\n",
       "      <td>0.857787</td>\n",
       "      <td>0.118010</td>\n",
       "      <td>0.868277</td>\n",
       "    </tr>\n",
       "    <tr>\n",
       "      <th>fitness</th>\n",
       "      <td>-0.144052</td>\n",
       "      <td>0.141512</td>\n",
       "      <td>0.211832</td>\n",
       "      <td>0.209808</td>\n",
       "      <td>0.071469</td>\n",
       "      <td>0.216023</td>\n",
       "      <td>1.000000</td>\n",
       "      <td>0.147429</td>\n",
       "      <td>0.265148</td>\n",
       "      <td>0.253980</td>\n",
       "      <td>0.070728</td>\n",
       "      <td>0.264021</td>\n",
       "    </tr>\n",
       "    <tr>\n",
       "      <th>fdS</th>\n",
       "      <td>-0.681322</td>\n",
       "      <td>0.943893</td>\n",
       "      <td>0.417595</td>\n",
       "      <td>0.213819</td>\n",
       "      <td>0.672864</td>\n",
       "      <td>0.322761</td>\n",
       "      <td>0.147429</td>\n",
       "      <td>1.000000</td>\n",
       "      <td>0.556345</td>\n",
       "      <td>0.305513</td>\n",
       "      <td>0.679091</td>\n",
       "      <td>0.474724</td>\n",
       "    </tr>\n",
       "    <tr>\n",
       "      <th>fdN</th>\n",
       "      <td>-0.541741</td>\n",
       "      <td>0.565637</td>\n",
       "      <td>0.851489</td>\n",
       "      <td>0.825245</td>\n",
       "      <td>0.309562</td>\n",
       "      <td>0.847262</td>\n",
       "      <td>0.265148</td>\n",
       "      <td>0.556345</td>\n",
       "      <td>1.000000</td>\n",
       "      <td>0.959963</td>\n",
       "      <td>0.306535</td>\n",
       "      <td>0.990010</td>\n",
       "    </tr>\n",
       "    <tr>\n",
       "      <th>fdNdS</th>\n",
       "      <td>-0.396838</td>\n",
       "      <td>0.329857</td>\n",
       "      <td>0.829777</td>\n",
       "      <td>0.870099</td>\n",
       "      <td>0.123737</td>\n",
       "      <td>0.857787</td>\n",
       "      <td>0.253980</td>\n",
       "      <td>0.305513</td>\n",
       "      <td>0.959963</td>\n",
       "      <td>1.000000</td>\n",
       "      <td>0.118232</td>\n",
       "      <td>0.975456</td>\n",
       "    </tr>\n",
       "    <tr>\n",
       "      <th>fdSadj</th>\n",
       "      <td>0.006135</td>\n",
       "      <td>0.811856</td>\n",
       "      <td>0.294847</td>\n",
       "      <td>0.062343</td>\n",
       "      <td>0.994314</td>\n",
       "      <td>0.118010</td>\n",
       "      <td>0.070728</td>\n",
       "      <td>0.679091</td>\n",
       "      <td>0.306535</td>\n",
       "      <td>0.118232</td>\n",
       "      <td>1.000000</td>\n",
       "      <td>0.173200</td>\n",
       "    </tr>\n",
       "    <tr>\n",
       "      <th>fdNdSadj</th>\n",
       "      <td>-0.559475</td>\n",
       "      <td>0.467328</td>\n",
       "      <td>0.846957</td>\n",
       "      <td>0.853203</td>\n",
       "      <td>0.177234</td>\n",
       "      <td>0.868277</td>\n",
       "      <td>0.264021</td>\n",
       "      <td>0.474724</td>\n",
       "      <td>0.990010</td>\n",
       "      <td>0.975456</td>\n",
       "      <td>0.173200</td>\n",
       "      <td>1.000000</td>\n",
       "    </tr>\n",
       "  </tbody>\n",
       "</table>\n",
       "</div>"
      ],
      "text/plain": [
       "                     CAI        dS        dN     dN/dS  dS adjusted  \\\n",
       "CAI             1.000000 -0.572301 -0.387714 -0.321217     0.003920   \n",
       "dS             -0.572301  1.000000  0.474832  0.247113     0.817794   \n",
       "dN             -0.387714  0.474832  1.000000  0.947007     0.306928   \n",
       "dN/dS          -0.321217  0.247113  0.947007  1.000000     0.075907   \n",
       "dS adjusted     0.003920  0.817794  0.306928  0.075907     1.000000   \n",
       "dN/dS adjusted -0.418473  0.347617  0.972501  0.987734     0.130210   \n",
       "fitness        -0.144052  0.141512  0.211832  0.209808     0.071469   \n",
       "fdS            -0.681322  0.943893  0.417595  0.213819     0.672864   \n",
       "fdN            -0.541741  0.565637  0.851489  0.825245     0.309562   \n",
       "fdNdS          -0.396838  0.329857  0.829777  0.870099     0.123737   \n",
       "fdSadj          0.006135  0.811856  0.294847  0.062343     0.994314   \n",
       "fdNdSadj       -0.559475  0.467328  0.846957  0.853203     0.177234   \n",
       "\n",
       "                dN/dS adjusted   fitness       fdS       fdN     fdNdS  \\\n",
       "CAI                  -0.418473 -0.144052 -0.681322 -0.541741 -0.396838   \n",
       "dS                    0.347617  0.141512  0.943893  0.565637  0.329857   \n",
       "dN                    0.972501  0.211832  0.417595  0.851489  0.829777   \n",
       "dN/dS                 0.987734  0.209808  0.213819  0.825245  0.870099   \n",
       "dS adjusted           0.130210  0.071469  0.672864  0.309562  0.123737   \n",
       "dN/dS adjusted        1.000000  0.216023  0.322761  0.847262  0.857787   \n",
       "fitness               0.216023  1.000000  0.147429  0.265148  0.253980   \n",
       "fdS                   0.322761  0.147429  1.000000  0.556345  0.305513   \n",
       "fdN                   0.847262  0.265148  0.556345  1.000000  0.959963   \n",
       "fdNdS                 0.857787  0.253980  0.305513  0.959963  1.000000   \n",
       "fdSadj                0.118010  0.070728  0.679091  0.306535  0.118232   \n",
       "fdNdSadj              0.868277  0.264021  0.474724  0.990010  0.975456   \n",
       "\n",
       "                  fdSadj  fdNdSadj  \n",
       "CAI             0.006135 -0.559475  \n",
       "dS              0.811856  0.467328  \n",
       "dN              0.294847  0.846957  \n",
       "dN/dS           0.062343  0.853203  \n",
       "dS adjusted     0.994314  0.177234  \n",
       "dN/dS adjusted  0.118010  0.868277  \n",
       "fitness         0.070728  0.264021  \n",
       "fdS             0.679091  0.474724  \n",
       "fdN             0.306535  0.990010  \n",
       "fdNdS           0.118232  0.975456  \n",
       "fdSadj          1.000000  0.173200  \n",
       "fdNdSadj        0.173200  1.000000  "
      ]
     },
     "execution_count": 1,
     "metadata": {},
     "output_type": "execute_result"
    }
   ],
   "source": [
    "import pandas as pd\n",
    "result = pd.read_csv(\"result_df.csv\", index_col= 0)\n",
    "cor1 = result.corr(numeric_only=True)\n",
    "cor1"
   ]
  },
  {
   "cell_type": "code",
   "execution_count": 4,
   "metadata": {},
   "outputs": [
    {
     "data": {
      "text/html": [
       "<div>\n",
       "<style scoped>\n",
       "    .dataframe tbody tr th:only-of-type {\n",
       "        vertical-align: middle;\n",
       "    }\n",
       "\n",
       "    .dataframe tbody tr th {\n",
       "        vertical-align: top;\n",
       "    }\n",
       "\n",
       "    .dataframe thead th {\n",
       "        text-align: right;\n",
       "    }\n",
       "</style>\n",
       "<table border=\"1\" class=\"dataframe\">\n",
       "  <thead>\n",
       "    <tr style=\"text-align: right;\">\n",
       "      <th></th>\n",
       "      <th>dS</th>\n",
       "      <th>dN</th>\n",
       "      <th>dN/dS</th>\n",
       "      <th>dS adjusted</th>\n",
       "      <th>dN/dS adjusted</th>\n",
       "      <th>fitness</th>\n",
       "      <th>fdS</th>\n",
       "      <th>fdN</th>\n",
       "      <th>fdNdS</th>\n",
       "      <th>fdSadj</th>\n",
       "      <th>fdNdSadj</th>\n",
       "    </tr>\n",
       "  </thead>\n",
       "  <tbody>\n",
       "    <tr>\n",
       "      <th>dS</th>\n",
       "      <td>1.000000</td>\n",
       "      <td>0.334624</td>\n",
       "      <td>0.081485</td>\n",
       "      <td>1.000000</td>\n",
       "      <td>0.145174</td>\n",
       "      <td>0.072793</td>\n",
       "      <td>0.922889</td>\n",
       "      <td>0.370816</td>\n",
       "      <td>0.136501</td>\n",
       "      <td>0.994316</td>\n",
       "      <td>0.216480</td>\n",
       "    </tr>\n",
       "    <tr>\n",
       "      <th>dN</th>\n",
       "      <td>0.334624</td>\n",
       "      <td>1.000000</td>\n",
       "      <td>0.942190</td>\n",
       "      <td>0.334624</td>\n",
       "      <td>0.967828</td>\n",
       "      <td>0.171000</td>\n",
       "      <td>0.227405</td>\n",
       "      <td>0.827892</td>\n",
       "      <td>0.798871</td>\n",
       "      <td>0.322453</td>\n",
       "      <td>0.824645</td>\n",
       "    </tr>\n",
       "    <tr>\n",
       "      <th>dN/dS</th>\n",
       "      <td>0.081485</td>\n",
       "      <td>0.942190</td>\n",
       "      <td>1.000000</td>\n",
       "      <td>0.081485</td>\n",
       "      <td>0.992111</td>\n",
       "      <td>0.174507</td>\n",
       "      <td>-0.007260</td>\n",
       "      <td>0.818125</td>\n",
       "      <td>0.854336</td>\n",
       "      <td>0.067914</td>\n",
       "      <td>0.858034</td>\n",
       "    </tr>\n",
       "    <tr>\n",
       "      <th>dS adjusted</th>\n",
       "      <td>1.000000</td>\n",
       "      <td>0.334624</td>\n",
       "      <td>0.081485</td>\n",
       "      <td>1.000000</td>\n",
       "      <td>0.145175</td>\n",
       "      <td>0.072793</td>\n",
       "      <td>0.922889</td>\n",
       "      <td>0.370816</td>\n",
       "      <td>0.136502</td>\n",
       "      <td>0.994316</td>\n",
       "      <td>0.216480</td>\n",
       "    </tr>\n",
       "    <tr>\n",
       "      <th>dN/dS adjusted</th>\n",
       "      <td>0.145174</td>\n",
       "      <td>0.967828</td>\n",
       "      <td>0.992111</td>\n",
       "      <td>0.145175</td>\n",
       "      <td>1.000000</td>\n",
       "      <td>0.173285</td>\n",
       "      <td>0.056628</td>\n",
       "      <td>0.812879</td>\n",
       "      <td>0.829747</td>\n",
       "      <td>0.132763</td>\n",
       "      <td>0.842410</td>\n",
       "    </tr>\n",
       "    <tr>\n",
       "      <th>fitness</th>\n",
       "      <td>0.072793</td>\n",
       "      <td>0.171000</td>\n",
       "      <td>0.174507</td>\n",
       "      <td>0.072793</td>\n",
       "      <td>0.173285</td>\n",
       "      <td>1.000000</td>\n",
       "      <td>0.068038</td>\n",
       "      <td>0.224950</td>\n",
       "      <td>0.216680</td>\n",
       "      <td>0.072368</td>\n",
       "      <td>0.223637</td>\n",
       "    </tr>\n",
       "    <tr>\n",
       "      <th>fdS</th>\n",
       "      <td>0.922889</td>\n",
       "      <td>0.227405</td>\n",
       "      <td>-0.007260</td>\n",
       "      <td>0.922889</td>\n",
       "      <td>0.056628</td>\n",
       "      <td>0.068038</td>\n",
       "      <td>1.000000</td>\n",
       "      <td>0.304332</td>\n",
       "      <td>0.052298</td>\n",
       "      <td>0.933469</td>\n",
       "      <td>0.154180</td>\n",
       "    </tr>\n",
       "    <tr>\n",
       "      <th>fdN</th>\n",
       "      <td>0.370816</td>\n",
       "      <td>0.827892</td>\n",
       "      <td>0.818125</td>\n",
       "      <td>0.370816</td>\n",
       "      <td>0.812879</td>\n",
       "      <td>0.224950</td>\n",
       "      <td>0.304332</td>\n",
       "      <td>1.000000</td>\n",
       "      <td>0.965591</td>\n",
       "      <td>0.368648</td>\n",
       "      <td>0.985984</td>\n",
       "    </tr>\n",
       "    <tr>\n",
       "      <th>fdNdS</th>\n",
       "      <td>0.136501</td>\n",
       "      <td>0.798871</td>\n",
       "      <td>0.854336</td>\n",
       "      <td>0.136502</td>\n",
       "      <td>0.829747</td>\n",
       "      <td>0.216680</td>\n",
       "      <td>0.052298</td>\n",
       "      <td>0.965591</td>\n",
       "      <td>1.000000</td>\n",
       "      <td>0.131464</td>\n",
       "      <td>0.990333</td>\n",
       "    </tr>\n",
       "    <tr>\n",
       "      <th>fdSadj</th>\n",
       "      <td>0.994316</td>\n",
       "      <td>0.322453</td>\n",
       "      <td>0.067914</td>\n",
       "      <td>0.994316</td>\n",
       "      <td>0.132763</td>\n",
       "      <td>0.072368</td>\n",
       "      <td>0.933469</td>\n",
       "      <td>0.368648</td>\n",
       "      <td>0.131464</td>\n",
       "      <td>1.000000</td>\n",
       "      <td>0.213110</td>\n",
       "    </tr>\n",
       "    <tr>\n",
       "      <th>fdNdSadj</th>\n",
       "      <td>0.216480</td>\n",
       "      <td>0.824645</td>\n",
       "      <td>0.858034</td>\n",
       "      <td>0.216480</td>\n",
       "      <td>0.842410</td>\n",
       "      <td>0.223637</td>\n",
       "      <td>0.154180</td>\n",
       "      <td>0.985984</td>\n",
       "      <td>0.990333</td>\n",
       "      <td>0.213110</td>\n",
       "      <td>1.000000</td>\n",
       "    </tr>\n",
       "  </tbody>\n",
       "</table>\n",
       "</div>"
      ],
      "text/plain": [
       "                      dS        dN     dN/dS  dS adjusted  dN/dS adjusted  \\\n",
       "dS              1.000000  0.334624  0.081485     1.000000        0.145174   \n",
       "dN              0.334624  1.000000  0.942190     0.334624        0.967828   \n",
       "dN/dS           0.081485  0.942190  1.000000     0.081485        0.992111   \n",
       "dS adjusted     1.000000  0.334624  0.081485     1.000000        0.145175   \n",
       "dN/dS adjusted  0.145174  0.967828  0.992111     0.145175        1.000000   \n",
       "fitness         0.072793  0.171000  0.174507     0.072793        0.173285   \n",
       "fdS             0.922889  0.227405 -0.007260     0.922889        0.056628   \n",
       "fdN             0.370816  0.827892  0.818125     0.370816        0.812879   \n",
       "fdNdS           0.136501  0.798871  0.854336     0.136502        0.829747   \n",
       "fdSadj          0.994316  0.322453  0.067914     0.994316        0.132763   \n",
       "fdNdSadj        0.216480  0.824645  0.858034     0.216480        0.842410   \n",
       "\n",
       "                 fitness       fdS       fdN     fdNdS    fdSadj  fdNdSadj  \n",
       "dS              0.072793  0.922889  0.370816  0.136501  0.994316  0.216480  \n",
       "dN              0.171000  0.227405  0.827892  0.798871  0.322453  0.824645  \n",
       "dN/dS           0.174507 -0.007260  0.818125  0.854336  0.067914  0.858034  \n",
       "dS adjusted     0.072793  0.922889  0.370816  0.136502  0.994316  0.216480  \n",
       "dN/dS adjusted  0.173285  0.056628  0.812879  0.829747  0.132763  0.842410  \n",
       "fitness         1.000000  0.068038  0.224950  0.216680  0.072368  0.223637  \n",
       "fdS             0.068038  1.000000  0.304332  0.052298  0.933469  0.154180  \n",
       "fdN             0.224950  0.304332  1.000000  0.965591  0.368648  0.985984  \n",
       "fdNdS           0.216680  0.052298  0.965591  1.000000  0.131464  0.990333  \n",
       "fdSadj          0.072368  0.933469  0.368648  0.131464  1.000000  0.213110  \n",
       "fdNdSadj        0.223637  0.154180  0.985984  0.990333  0.213110  1.000000  "
      ]
     },
     "execution_count": 4,
     "metadata": {},
     "output_type": "execute_result"
    }
   ],
   "source": [
    "partial_cor(cor1, \"CAI\")"
   ]
  },
  {
   "attachments": {},
   "cell_type": "markdown",
   "metadata": {},
   "source": [
    "# 2. Results from Wall et al.\n",
    "\n",
    "Download the HTML page for the Wall et al paper from the PNAS website (https://www.pnas.org/content/102/15/5483/) using your browser. Then use BeautifulSoup (not pandas) to parse the HTML and scrape Table 1, finally print the value of the BeautifulSoup variable containing the table using the `IPYthon.display.Markdown` function to display the table. \n",
    "\n",
    "(Unfortunately, we cannot automatically download the HMTL for the page anymore because the PNAS site uses Cloudfare to prevent users from scraping so we cannot use python's request package to download the page)"
   ]
  },
  {
   "cell_type": "code",
   "execution_count": 5,
   "metadata": {
    "collapsed": true
   },
   "outputs": [],
   "source": [
    "file = open(\"Wall_2005.html\")\n",
    "html = file.read()\n",
    "file.close()"
   ]
  },
  {
   "cell_type": "code",
   "execution_count": 6,
   "metadata": {},
   "outputs": [],
   "source": [
    "from bs4 import BeautifulSoup\n",
    "soup = BeautifulSoup(html,\"html5lib\")"
   ]
  },
  {
   "cell_type": "code",
   "execution_count": 7,
   "metadata": {},
   "outputs": [],
   "source": [
    "table = soup.find(\"table\")"
   ]
  },
  {
   "cell_type": "code",
   "execution_count": 8,
   "metadata": {},
   "outputs": [
    {
     "data": {
      "text/markdown": [
       "<table><thead><tr data-xml-valign=\"top\"><th data-xml-align=\"left\">Evolution rate</th><th>Dispensability</th><th><i>r</i><sub>dk</sub></th><th>Expression</th><th><i>r</i><sub>xk</sub></th><th><i>r</i><sub>dk|x</sub></th><th><i>x</i>k|d</th></tr></thead><tbody><tr data-xml-align=\"center\"><td data-xml-align=\"left\">dN/dS′</td><td data-xml-align=\"left\">Warringer <i>et al.</i></td><td>0.239 np</td><td data-xml-align=\"left\">mRNA abundance</td><td>-0.368 np</td><td>0.183 np</td><td>-0.328 np</td></tr><tr data-xml-align=\"center\"><td> </td><td> </td><td> </td><td data-xml-align=\"left\">CAI</td><td>-0.528 np</td><td>0.190 np</td><td>-0.513 np</td></tr><tr data-xml-align=\"center\"><td data-xml-align=\"left\">dN</td><td data-xml-align=\"left\">Warringer <i>et al.</i></td><td>0.237 np</td><td data-xml-align=\"left\">mRNA abundance</td><td>-0.363 np</td><td>0.181 np</td><td>-0.324 np</td></tr><tr data-xml-align=\"center\"><td> </td><td> </td><td> </td><td data-xml-align=\"left\">CAI</td><td>-0.493 np</td><td>0.189 np</td><td>-0.478 np</td></tr><tr data-xml-align=\"center\"><td data-xml-align=\"left\">dN/dS′</td><td data-xml-align=\"left\">SGTC</td><td>0.230 np</td><td data-xml-align=\"left\">mRNA abundance</td><td>-0.368 np</td><td>0.166 np</td><td>-0.330 np</td></tr><tr data-xml-align=\"center\"><td> </td><td> </td><td> </td><td data-xml-align=\"left\">CAI</td><td>-0.528 np</td><td>0.187 np</td><td>-0.516 np</td></tr><tr data-xml-align=\"center\"><td data-xml-align=\"left\">dN</td><td data-xml-align=\"left\">SGTC</td><td>0.227 np</td><td data-xml-align=\"left\">mRNA abundance</td><td>-0.363 np</td><td>0.163 np</td><td>-0.325 np</td></tr><tr data-xml-align=\"center\"><td> </td><td> </td><td> </td><td data-xml-align=\"left\">CAI</td><td>-0.493 np</td><td>0.185 np</td><td>-0.479 np</td></tr><tr data-xml-align=\"center\"><td data-xml-align=\"left\">dN/dS′</td><td data-xml-align=\"left\">Warringer <i>et al.</i></td><td>0.274</td><td data-xml-align=\"left\">mRNA abundance</td><td>-0.279</td><td>0.259</td><td>-0.256</td></tr><tr data-xml-align=\"center\"><td> </td><td> </td><td> </td><td data-xml-align=\"left\">CAI</td><td>-0.522</td><td>0.241</td><td>-0.505</td></tr><tr data-xml-align=\"center\"><td data-xml-align=\"left\">dN</td><td data-xml-align=\"left\">Warringer <i>et al.</i></td><td>0.274</td><td data-xml-align=\"left\">mRNA abundance</td><td>-0.282</td><td>0.259</td><td>-0.259</td></tr><tr data-xml-align=\"center\"><td> </td><td> </td><td> </td><td data-xml-align=\"left\">CAI</td><td>-0.509</td><td>0.241</td><td>-0.491</td></tr><tr data-xml-align=\"center\"><td data-xml-align=\"left\">dN/dS′</td><td data-xml-align=\"left\">SGTC</td><td>0.264</td><td data-xml-align=\"left\">mRNA abundance</td><td>-0.279</td><td>0.252</td><td>-0.258</td></tr><tr data-xml-align=\"center\"><td> </td><td> </td><td> </td><td data-xml-align=\"left\">CAI</td><td>-0.522</td><td>0.232</td><td>-0.505</td></tr><tr data-xml-align=\"center\"><td data-xml-align=\"left\">dN</td><td data-xml-align=\"left\">SGTC</td><td>0.264</td><td data-xml-align=\"left\">mRNA abundance</td><td>-0.282</td><td>0.251</td><td>-0.262</td></tr><tr data-xml-align=\"center\"><td> </td><td> </td><td> </td><td data-xml-align=\"left\">CAI</td><td>-0.509</td><td>0.232</td><td>-0.491</td></tr></tbody></table>"
      ],
      "text/plain": [
       "<IPython.core.display.Markdown object>"
      ]
     },
     "execution_count": 8,
     "metadata": {},
     "output_type": "execute_result"
    }
   ],
   "source": [
    "import IPython\n",
    "IPython.display.Markdown(str(table))"
   ]
  }
 ],
 "metadata": {
  "kernelspec": {
   "display_name": "base",
   "language": "python",
   "name": "python3"
  },
  "language_info": {
   "codemirror_mode": {
    "name": "ipython",
    "version": 3
   },
   "file_extension": ".py",
   "mimetype": "text/x-python",
   "name": "python",
   "nbconvert_exporter": "python",
   "pygments_lexer": "ipython3",
   "version": "3.11.5"
  },
  "vscode": {
   "interpreter": {
    "hash": "d65c0cc447810067c5360fe9f92345cbb6ea5cebea71d6b4fb533385ef0f3420"
   }
  }
 },
 "nbformat": 4,
 "nbformat_minor": 2
}
